"귀사에서 노동조합의 주요 활동가를 해고한 구체적인 이유는 무엇인가요? 또한 노동조합의 주요 활동가를 해고한 귀하의 입장은 어떠한가요?"
"노동조합 활동가를 해고한 것은 회사의 경영상 결정이었습니다. 하지만 이는 노동조합 활동을 방해하는 것으로 간주될 수 있으며, 그 점에 대해 깊이 반성하고 있습니다."
"귀사가 노동조합 활동가를 해고함으로써 노동조합 활동에 어떤 영향을 미쳤다고 생각하십니까? 본인의 생각을 자세히 빠짐없이 말씀해 주세요."
"이 해고가 노동조합의 활동에 부정적인 영향을 미쳤을 것임을 인지하고 있습니다. 이는 노동조합의 자유로운 활동을 저해하고, 다른 조합원들에게 두려움을 조성할 수 있습니다."
"근로기준법을 위반하여 노동조합 활동가를 해고한 것에 대한 법적 책임과 가능한 법적 결과는 무엇이라고 생각하십니까? 자세히 말씀해 주세요."
"법적 책임으로는 노동위원회의 조사와 처벌이 있을 수 있으며, 해고된 노동조합 활동가에 대한 배상 책임을 질 수도 있습니다. 이는 회사에 대한 법적 및 재정적 부담을 증가시킬 수 있습니다."
"이 사건으로 인해 회사 내 노동조합과 근로자들과의 신뢰 관계에 어떤 변화가 있었으며, 이를 회복하기 위해 어떤 노력을 기울였나요?"
"이 사건으로 인해 노동조합 및 근로자들 사이에서 신뢰가 손상되었습니다. 우리는 신뢰를 회복하기 위해 투명한 커뮤니케이션을 시도하고, 노동조합과의 협력을 강화하기 위한 조치를 취했습니다."
"앞으로 귀사에서 노동조합의 활동을 보호하고 존중하기 위해 어떤 조치를 취할 계획입니까? 조치 계획에 대하여 자세히 말씀해 주세요."
"앞으로는 노동조합의 활동을 적극적으로 보호하고 존중할 것입니다. 노동조합과의 긴밀한 협력을 통해 의사소통을 강화하고, 노동관계에 대한 이해와 존중을 기반으로 한 정책을 시행할 것입니다."
"이번 사건을 통해 근로기준법과 노동조합 활동의 중요성에 대해 어떤 새로운 인식을 갖게 되었나요? 본인의 생각에 대하여 자유롭게 말씀해 주세요."
"이번 사건을 통해 근로기준법의 중요성과 노동조합 활동의 가치를 새롭게 인식하게 되었습니다. 근로자의 권리 보호와 노동조합의 자유로운 활동은 건강한 노사 관계를 위해 필수적임을 깨달았습니다."
"회사가 노동조합 활동가를 해고한 것에 대한 법적 조치나 노동위원회의 개입이 있었나요? 있었다면 이에 대해 어떻게 대응하셨나요?"
"노동위원회의 조사가 있었으며, 우리는 해당 기관에 필요한 모든 정보를 제공하고 적극적으로 협력했습니다. 또한, 해고된 노동조합 활동가와의 사태를 해결하기 위해 노력했습니다."
"이 사건이 회사의 인사 정책이나 노동관계 관리에 어떤 영향을 미쳤나요? 또한 앞으로의 개선 방안은 무엇인가요? 자세히 말씀해 주세요."
"이 사건은 회사의 인사 정책과 노동관계 관리에 근본적인 변화를 가져왔습니다. 우리는 노동관계에 대한 이해를 강화하고, 노동조합과의 긍정적인 관계를 유지하기 위해 노력할 것입니다."
"회사가 노동조합 활동가를 해고한 것에 대해 근로자들에게 어떤 보상이나 해결책을 제공했나요? 보상이나 해결책을 제공했다면 자세히 말씀해 주세요."
"우리는 해고된 노동조합 활동가에게 적절한 보상을 제공하고, 사태 해결을 위해 노력했습니다. 또한, 노동조합과의 관계 개선을 위해 지속적으로 노력하고 있습니다."
"이 사건에서 해고된 노동조합 활동가의 재고용이나 해고 철회에 대한 회사의 입장은 어떠하며, 해고로 인해 발생한 노동조합과의 갈등을 해결하기 위해 어떤 구체적인 조치를 취했나요?"
"해고된 노동조합 활동가에 대해서는 재고용을 고려하고 있으며, 이를 통해 노동조합과의 관계를 복원하려 합니다. 우리는 노동조합과의 대화를 재개하고, 상호 이해와 협력을 바탕으로 한 해결 방안을 모색했습니다."
